car175: [231, 235]; 
person373: [428, 429]; [431, 436]; 
person497: [590, 593]; [599, 601]; [620, 629]; [631, 632]; [634, 642]; [645, 649]; [652, 693]; [699, 699]; [701, 702]; [704, 704]; [711, 714]; [718, 759]; [767, 781]; [784, 1013]; [1021, 1021]; [1034, 1036]; [1038, 1040]; [1046, 1046]; [1049, 1050]; [1053, 1257]; [1260, 1261]; [1263, 1265]; [1267, 1267]; [1269, 1269]; [1271, 1285]; [1287, 1302]; [1306, 1306]; [1308, 1315]; [1320, 1419]; [1421, 1437]; [1439, 1445]; [1451, 1536]; [1538, 1554]; [1556, 1556]; [1558, 1565]; [1569, 1571]; [1575, 1577]; [1579, 1579]; [1581, 1610]; [1613, 1625]; [1627, 1630]; [1635, 1635]; [1637, 1637]; [1639, 1654]; [1656, 1656]; [1665, 1665]; [1672, 1672]; [1674, 1674]; 
person134: [169, 198]; [232, 232]; [235, 235]; [238, 238]; 
person496: [573, 647]; 
person254: [327, 327]; [330, 330]; [338, 343]; [345, 351]; [357, 361]; [363, 363]; [367, 367]; [369, 374]; [378, 384]; [386, 386]; [388, 396]; [398, 407]; [409, 431]; [442, 442]; [444, 457]; [460, 464]; [466, 467]; [469, 473]; [475, 478]; [487, 489]; [493, 495]; [497, 498]; [500, 506]; [510, 510]; [524, 524]; [527, 529]; [531, 532]; [535, 536]; [538, 541]; 
frisbee4: [40, 40]; 
car298: [370, 382]; [398, 400]; [408, 408]; [432, 432]; [444, 446]; 
car177: [236, 255]; 
person9: [2, 22]; [24, 24]; [27, 48]; [50, 51]; [53, 53]; [55, 64]; [87, 89]; [92, 93]; [95, 97]; [99, 99]; [104, 104]; [108, 111]; [114, 114]; [118, 118]; [122, 122]; 
car171: [223, 238]; [240, 240]; [242, 242]; [247, 247]; [261, 263]; 
person8: [2, 41]; 
person6: [2, 23]; 
person490: [569, 670]; 
person5: [2, 12]; [14, 14]; [17, 17]; [19, 19]; [21, 21]; [28, 28]; [35, 41]; 
umbrella1655: [1799, 1799]; 
handbag1283: [1551, 1553]; [1555, 1556]; [1564, 1570]; [1586, 1588]; [1590, 1592]; [1616, 1616]; [1623, 1624]; [1627, 1627]; [1630, 1630]; [1632, 1652]; [1664, 1664]; [1667, 1668]; [1670, 1672]; [1675, 1684]; 
handbag1041: [1232, 1232]; [1234, 1236]; [1240, 1242]; [1258, 1270]; 
umbrella535: [609, 609]; [612, 661]; [669, 710]; [712, 715]; [717, 720]; [728, 728]; [730, 730]; [769, 791]; [793, 794]; [796, 807]; [811, 811]; [816, 817]; [821, 824]; [830, 830]; 
umbrella1535: [1764, 1764]; 
person1541: [1770, 1771]; 
car1622: [1792, 1792]; 
umbrella1417: [1662, 1663]; [1671, 1671]; [1673, 1673]; [1675, 1679]; [1682, 1686]; 
umbrella418: [498, 498]; 
car78: [69, 69]; [71, 71]; 
car79: [75, 86]; [91, 91]; [93, 96]; [101, 103]; [198, 199]; 
car1503: [1713, 1733]; [1750, 1762]; [1764, 1764]; [1771, 1778]; [1783, 1797]; 
bicycle319: [718, 718]; 
person126: [154, 154]; [156, 156]; [163, 200]; [202, 202]; [206, 206]; [214, 214]; 
person1423: [1665, 1666]; [1668, 1681]; [1683, 1684]; [1691, 1705]; [1709, 1733]; [1753, 1753]; [1756, 1756]; [1759, 1771]; [1776, 1799]; 
person1307: [1567, 1567]; [1577, 1577]; [1594, 1595]; [1597, 1597]; 
person1426: [1666, 1669]; [1671, 1671]; [1673, 1674]; [1678, 1678]; 
umbrella1410: [1657, 1657]; [1659, 1659]; [1662, 1662]; [1665, 1669]; [1671, 1672]; 
person1548: [1730, 1741]; 
person268: [344, 344]; [348, 351]; [356, 359]; [362, 362]; [365, 365]; [367, 367]; [369, 369]; [373, 373]; [376, 377]; [380, 380]; [383, 386]; [393, 397]; [399, 399]; [401, 401]; [405, 405]; [410, 420]; [422, 422]; [424, 437]; [439, 449]; [473, 473]; [475, 477]; [496, 496]; [503, 503]; 
handbag500: [575, 576]; [582, 582]; [592, 593]; 
car60: [49, 49]; [77, 77]; 
bicycle1622: [1779, 1779]; 
umbrella1302: [1572, 1573]; 
car62: [507, 508]; [510, 531]; [533, 578]; [595, 596]; [602, 614]; 
chair353: [437, 437]; 
car1617: [1783, 1789]; [1791, 1794]; [1796, 1796]; 
umbrella544: [615, 616]; 
handbag736: [761, 761]; [774, 774]; [782, 782]; [796, 797]; [808, 808]; 
car1611: [1770, 1799]; 
car1612: [1772, 1776]; [1799, 1799]; 
umbrella1429: [1668, 1668]; 
person379: [433, 462]; [464, 465]; 
bench1083: [1278, 1290]; [1292, 1292]; [1296, 1297]; [1303, 1319]; [1347, 1347]; [1350, 1351]; [1355, 1364]; [1366, 1366]; [1371, 1371]; [1377, 1377]; [1379, 1379]; [1385, 1398]; 
person1418: [1662, 1663]; [1670, 1670]; [1682, 1688]; [1691, 1692]; 
person1536: [1734, 1734]; [1742, 1754]; [1756, 1757]; [1759, 1759]; [1762, 1763]; [1765, 1799]; 
person1537: [1723, 1725]; [1752, 1752]; [1754, 1754]; [1760, 1760]; [1762, 1766]; [1776, 1783]; [1785, 1788]; 
car273: [400, 409]; 
car152: [205, 249]; 
person352: [418, 418]; [420, 420]; [422, 423]; [425, 425]; [442, 443]; [445, 445]; [447, 450]; 
person1519: [1716, 1717]; [1720, 1724]; [1726, 1728]; [1733, 1733]; [1750, 1755]; [1758, 1758]; [1761, 1762]; 
stop_sign436: [509, 510]; [512, 512]; 
person353: [417, 419]; [422, 422]; [427, 427]; [429, 429]; [431, 431]; 
person232: [309, 311]; [313, 314]; [316, 317]; [335, 398]; [400, 401]; [403, 403]; [407, 524]; [529, 529]; [532, 535]; [538, 549]; [551, 572]; [592, 592]; 
person477: [560, 562]; 
car270: [341, 342]; 
car390: [446, 447]; 
umbrella436: [511, 511]; [514, 520]; 
car96: [108, 108]; [118, 120]; 
umbrella318: [387, 388]; 
umbrella1638: [1785, 1785]; 
car1601: [1778, 1779]; [1782, 1782]; 
umbrella1517: [1715, 1739]; [1748, 1748]; [1750, 1763]; [1765, 1776]; [1799, 1799]; 
umbrella1518: [1716, 1717]; 
handbag528: [678, 678]; [680, 680]; 
person467: [552, 552]; [577, 577]; 
person1521: [1717, 1732]; [1742, 1743]; [1745, 1747]; [1753, 1753]; [1755, 1755]; [1757, 1758]; [1760, 1799]; 
person228: [301, 311]; 
person229: [304, 304]; [323, 323]; 
person1525: [1718, 1719]; [1728, 1758]; [1764, 1764]; [1770, 1770]; [1773, 1775]; [1794, 1794]; 
person1507: [1713, 1786]; 
person483: [565, 565]; [570, 578]; [583, 584]; [587, 587]; [589, 604]; [606, 606]; [612, 613]; [615, 617]; [622, 622]; [640, 641]; [649, 702]; [704, 704]; [710, 710]; 
person120: [142, 183]; [185, 187]; [189, 190]; [200, 229]; 
car386: [443, 443]; [447, 447]; [450, 463]; [466, 466]; [470, 484]; [486, 512]; 
person125: [153, 154]; [158, 182]; [190, 190]; [211, 212]; [214, 214]; 
person366: [425, 425]; 
umbrella441: [513, 513]; [518, 548]; [551, 559]; [561, 579]; [581, 590]; [594, 604]; [608, 612]; [614, 617]; [620, 620]; [633, 637]; [651, 651]; [653, 653]; 
car83: [84, 104]; [140, 140]; [146, 146]; [148, 148]; 
handbag1073: [1265, 1265]; [1267, 1268]; [1270, 1271]; 
motorcycle747: [799, 808]; 
car84: [86, 86]; [88, 99]; 
umbrella1524: [1719, 1719]; 
umbrella1403: [1681, 1681]; [1684, 1685]; [1687, 1692]; 
umbrella1405: [1655, 1664]; [1715, 1745]; [1748, 1772]; [1774, 1779]; [1781, 1782]; [1784, 1784]; [1786, 1799]; 
car88: [93, 105]; [110, 110]; [113, 115]; [118, 119]; 
handbag1070: [1259, 1259]; [1266, 1266]; [1269, 1273]; [1280, 1286]; 
umbrella1529: [1720, 1721]; [1751, 1758]; [1761, 1766]; [1768, 1768]; 
handbag1072: [1264, 1265]; [1269, 1270]; 
person236: [311, 314]; [316, 317]; 
car258: [333, 336]; [366, 366]; [392, 393]; 
car257: [331, 331]; [335, 335]; [338, 340]; [343, 347]; [349, 350]; [357, 359]; [376, 394]; [396, 396]; [411, 413]; 
skateboard618: [666, 667]; 
person573: [638, 647]; [670, 680]; 
person212: [292, 294]; [298, 298]; [320, 321]; [323, 323]; 
truck110: [599, 599]; [619, 620]; [624, 624]; [626, 626]; [628, 629]; 
bench639: [682, 685]; [687, 749]; [752, 753]; [768, 768]; [774, 774]; 
handbag311: [388, 389]; [393, 396]; 
car31: [25, 25]; 
truck1187: [1444, 1444]; 
umbrella1617: [1778, 1779]; 
person1589: [1752, 1774]; [1782, 1799]; 
person1105: [1305, 1305]; 
person567: [645, 647]; [656, 661]; [663, 667]; [670, 671]; 
person1587: [1749, 1749]; [1759, 1759]; [1763, 1763]; [1777, 1780]; 
handbag1127: [1317, 1319]; [1323, 1323]; 
car39: [19, 24]; 
person1104: [1304, 1311]; 
person205: [275, 298]; [305, 354]; [357, 357]; [359, 419]; [421, 629]; 
handbag1002: [1203, 1203]; 
bench741: [769, 769]; 
person100: [112, 146]; [152, 350]; [355, 370]; [372, 372]; 
bench1288: [1555, 1555]; [1582, 1592]; 
truck1049: [1559, 1560]; [1597, 1598]; [1652, 1657]; [1663, 1667]; [1670, 1670]; [1676, 1676]; 
handbag668: [699, 700]; [703, 707]; [709, 709]; [712, 712]; [715, 715]; 
backpack1401: [1652, 1652]; [1659, 1659]; [1661, 1661]; [1668, 1668]; [1680, 1680]; [1685, 1685]; [1687, 1692]; [1694, 1696]; [1698, 1704]; [1713, 1714]; [1717, 1722]; [1729, 1731]; 
umbrella502: [575, 609]; [611, 660]; [662, 663]; [666, 674]; [682, 685]; [689, 692]; 
truck1297: [1561, 1596]; [1599, 1614]; [1616, 1622]; [1624, 1626]; [1629, 1651]; [1658, 1658]; [1669, 1669]; 
person1330: [1582, 1583]; [1588, 1588]; [1594, 1595]; [1597, 1600]; [1602, 1602]; [1604, 1616]; [1619, 1623]; [1630, 1636]; [1643, 1643]; [1645, 1645]; [1650, 1651]; [1662, 1663]; [1665, 1667]; [1676, 1677]; [1679, 1685]; [1711, 1749]; [1751, 1799]; 
person1573: [1741, 1750]; 
person1452: [1687, 1692]; [1696, 1696]; [1698, 1698]; [1709, 1709]; 
person699: [732, 739]; [750, 757]; 
person1579: [1744, 1744]; 
person1455: [1688, 1700]; [1709, 1710]; 
person1334: [1583, 1586]; [1589, 1596]; [1614, 1629]; 
person670: [702, 706]; [711, 718]; [726, 727]; [729, 730]; 
handbag452: [536, 537]; 
umbrella79: [104, 106]; [133, 134]; [142, 148]; [156, 157]; [185, 185]; [187, 189]; 
car190: [252, 256]; [269, 270]; [272, 272]; [278, 282]; [284, 284]; [286, 288]; [291, 291]; [295, 295]; [299, 299]; [330, 330]; [349, 349]; [354, 354]; 
car56: [42, 43]; [48, 48]; [50, 52]; 
handbag1389: [1643, 1643]; 
car59: [57, 58]; [62, 62]; 
person423: [502, 504]; [511, 513]; [515, 515]; [517, 520]; [522, 527]; [529, 544]; 
person1208: [1466, 1467]; [1473, 1474]; [1480, 1509]; 
person309: [380, 388]; [399, 401]; [403, 420]; [423, 423]; [427, 429]; 
person1449: [1684, 1684]; [1712, 1791]; 
bench1071: [1260, 1260]; 
person680: [712, 713]; 
car186: [249, 249]; 
person682: [713, 717]; 
person561: [626, 626]; 
person440: [512, 517]; [526, 533]; [543, 544]; [546, 546]; 
person200: [272, 273]; [288, 290]; [302, 302]; [306, 309]; 
car189: [252, 262]; [267, 268]; [296, 298]; 
person686: [717, 728]; [752, 788]; [808, 815]; [824, 827]; [829, 902]; [908, 1204]; [1208, 1211]; [1213, 1213]; [1215, 1227]; [1229, 1246]; [1248, 1259]; [1262, 1262]; 
boat524: [597, 601]; [608, 608]; [619, 619]; 
car180: [241, 249]; 
handbag322: [389, 389]; 
umbrella1601: [1761, 1770]; [1775, 1775]; [1777, 1786]; 
person2: [2, 36]; [64, 67]; [69, 115]; [117, 119]; [121, 143]; [145, 160]; [164, 168]; [174, 258]; [260, 261]; [269, 302]; [306, 347]; [349, 370]; [372, 436]; [446, 459]; 
fire_hydrant254: [408, 408]; [441, 441]; [444, 444]; 
person435: [508, 513]; 
person1315: [1571, 1572]; [1580, 1583]; [1588, 1588]; [1607, 1608]; [1612, 1615]; [1617, 1617]; [1619, 1634]; [1651, 1654]; [1661, 1662]; 
person797: [838, 838]; [841, 843]; [845, 851]; [853, 854]; [856, 883]; 
person1317: [1572, 1581]; 
person319: [387, 501]; [504, 504]; [509, 521]; [526, 560]; [567, 567]; [574, 623]; [643, 643]; [646, 646]; [649, 714]; [719, 746]; [748, 1063]; [1066, 1077]; [1082, 1082]; [1084, 1084]; [1087, 1107]; [1109, 1109]; [1111, 1111]; [1113, 1121]; [1126, 1126]; [1129, 1129]; [1134, 1137]; [1139, 1139]; [1141, 1148]; [1150, 1152]; [1157, 1157]; 
bench799: [839, 839]; [842, 845]; [854, 1176]; [1178, 1190]; [1196, 1196]; [1199, 1212]; [1217, 1217]; [1240, 1240]; [1259, 1260]; 
umbrella1258: [1519, 1520]; 
umbrella1259: [1520, 1561]; [1563, 1564]; [1572, 1631]; [1634, 1646]; [1654, 1654]; [1659, 1668]; [1671, 1680]; 
person1260: [1521, 1525]; [1527, 1533]; 
car1468: [1745, 1747]; [1759, 1760]; [1771, 1772]; [1786, 1788]; [1790, 1790]; [1792, 1792]; [1795, 1795]; 
person1385: [1640, 1647]; [1649, 1674]; 
car1228: [1500, 1500]; 
umbrella933: [1114, 1126]; [1133, 1133]; [1138, 1139]; [1146, 1157]; [1160, 1174]; [1179, 1221]; [1224, 1244]; 
car1463: [1717, 1717]; 
umbrella1130: [1327, 1327]; 
car1465: [1697, 1708]; 
person1027: [1217, 1226]; [1228, 1232]; [1235, 1236]; [1250, 1250]; [1252, 1255]; [1258, 1280]; [1282, 1286]; [1301, 1301]; [1303, 1304]; [1306, 1306]; [1311, 1311]; [1314, 1315]; [1317, 1319]; [1338, 1338]; [1341, 1349]; [1351, 1351]; [1354, 1383]; [1385, 1385]; [1387, 1395]; [1397, 1410]; [1416, 1454]; [1458, 1458]; [1461, 1461]; [1463, 1531]; [1533, 1567]; [1573, 1577]; [1580, 1580]; [1582, 1582]; 
car1462: [1711, 1711]; 
truck208: [281, 285]; [290, 290]; [302, 302]; [323, 326]; [332, 333]; [337, 340]; [346, 346]; [349, 351]; [354, 354]; [366, 366]; 
handbag1569: [1740, 1741]; [1743, 1743]; [1750, 1750]; [1758, 1759]; [1762, 1762]; [1764, 1767]; [1771, 1771]; [1781, 1781]; [1785, 1786]; [1788, 1794]; [1796, 1799]; 
person1251: [1511, 1511]; [1513, 1513]; 
person1010: [1207, 1215]; [1217, 1217]; [1219, 1228]; [1240, 1247]; [1253, 1254]; 
fire_hydrant399: [459, 459]; [497, 497]; 
backpack1569: [1781, 1781]; 
person1250: [1507, 1512]; [1514, 1515]; [1522, 1524]; [1536, 1547]; [1550, 1550]; [1552, 1571]; [1573, 1583]; [1588, 1589]; [1592, 1594]; [1600, 1600]; [1620, 1620]; 
car1577: [1749, 1749]; 
person1497: [1712, 1721]; [1727, 1727]; [1730, 1731]; [1733, 1737]; [1740, 1755]; [1759, 1762]; [1764, 1768]; [1770, 1770]; [1786, 1799]; 
person1256: [1519, 1550]; [1553, 1553]; [1556, 1559]; [1562, 1562]; [1566, 1605]; [1607, 1608]; [1635, 1638]; [1641, 1641]; [1646, 1646]; [1649, 1653]; [1661, 1664]; 
car1215: [1476, 1479]; 
person1496: [1712, 1713]; [1730, 1753]; [1755, 1799]; 
person1133: [1322, 1327]; [1329, 1330]; [1332, 1332]; [1336, 1336]; [1345, 1345]; 
person1378: [1650, 1650]; [1674, 1674]; 
car1333: [1583, 1585]; [1587, 1590]; [1593, 1594]; [1607, 1607]; [1609, 1637]; [1646, 1649]; [1660, 1662]; [1669, 1674]; [1676, 1676]; 
person1257: [1519, 1520]; [1535, 1535]; [1539, 1540]; [1542, 1542]; [1545, 1545]; [1549, 1553]; [1567, 1568]; [1571, 1572]; 
bench1240: [1502, 1534]; 
person192: [253, 253]; 
person191: [252, 258]; 
truck411: [487, 490]; [496, 502]; [506, 506]; [508, 508]; [535, 535]; [551, 551]; [554, 554]; [560, 562]; [564, 564]; [566, 566]; [568, 572]; [574, 575]; [578, 578]; [583, 583]; [585, 585]; [601, 601]; [603, 603]; [618, 618]; 
person1240: [1543, 1543]; [1550, 1555]; [1559, 1560]; [1564, 1565]; [1569, 1573]; [1575, 1575]; [1581, 1581]; [1583, 1583]; [1606, 1608]; [1610, 1657]; [1660, 1688]; [1712, 1728]; [1742, 1744]; [1746, 1746]; [1748, 1748]; [1766, 1767]; [1770, 1770]; [1774, 1777]; [1779, 1790]; 
person1241: [1502, 1536]; [1561, 1601]; 
potted_plant1175: [1404, 1404]; [1406, 1407]; [1409, 1409]; 
umbrella1117: [1311, 1311]; [1321, 1321]; [1323, 1323]; [1329, 1330]; [1335, 1336]; 
person1481: [1707, 1707]; 
car1203: [1457, 1457]; [1459, 1460]; [1462, 1464]; 
bicycle1001: [1307, 1307]; 
fire_hydrant187: [251, 251]; 
car11: [2, 10]; [12, 15]; [17, 30]; [43, 45]; [49, 151]; 
car1204: [1497, 1497]; [1508, 1508]; [1510, 1510]; [1514, 1514]; [1517, 1517]; 
car1205: [1459, 1461]; [1469, 1469]; [1473, 1499]; 
fire_hydrant9: [23, 24]; [48, 57]; [61, 61]; [81, 81]; [85, 85]; [119, 127]; 
car13: [2, 76]; [78, 252]; [254, 258]; [260, 260]; [265, 265]; 
car1206: [1464, 1467]; [1483, 1486]; [1493, 1495]; [1523, 1525]; [1532, 1532]; [1544, 1544]; 
person1001: [1203, 1241]; [1243, 1285]; [1287, 1290]; 
person1004: [1511, 1512]; 
umbrella1473: [1754, 1754]; 
person1126: [1315, 1351]; [1356, 1362]; 
umbrella717: [749, 752]; [758, 764]; [766, 767]; 
umbrella1595: [1764, 1764]; 
umbrella1111: [1308, 1405]; [1407, 1437]; [1450, 1459]; 
umbrella1354: [1610, 1616]; [1634, 1634]; [1637, 1651]; [1664, 1664]; [1668, 1674]; 
car1440: [1678, 1679]; [1681, 1684]; 
person1009: [1207, 1211]; [1213, 1213]; 
fire_hydrant2: [437, 437]; [441, 441]; [444, 445]; [454, 455]; [457, 458]; 
bench648: [688, 749]; 
car1556: [1735, 1742]; [1745, 1754]; [1763, 1776]; [1778, 1778]; [1780, 1799]; 
umbrella965: [1140, 1145]; [1175, 1178]; [1222, 1222]; [1245, 1248]; [1252, 1252]; [1254, 1286]; [1288, 1288]; [1290, 1294]; [1298, 1302]; 
umbrella724: [752, 752]; [757, 757]; 
umbrella603: [662, 662]; 
umbrella1360: [1610, 1610]; 
umbrella1482: [1708, 1708]; [1710, 1711]; [1743, 1743]; [1747, 1764]; [1767, 1776]; [1780, 1799]; 
person1236: [1502, 1596]; [1598, 1598]; [1602, 1604]; [1609, 1609]; [1613, 1613]; 
umbrella1124: [1314, 1314]; 
handbag1639: [1785, 1785]; 
backpack734: [759, 759]; 
bench353: [437, 437]; 
truck755: [787, 787]; [803, 803]; [805, 807]; [815, 816]; [847, 847]; [850, 851]; [853, 853]; [855, 855]; [858, 858]; [872, 872]; [874, 874]; [877, 877]; [939, 939]; [1067, 1077]; 
truck756: [846, 846]; [848, 849]; [852, 852]; [854, 854]; [856, 857]; [859, 859]; [861, 861]; [873, 873]; [875, 876]; [878, 883]; [885, 928]; [931, 932]; [935, 936]; [938, 938]; 
backpack731: [756, 756]; [758, 758]; [760, 761]; 
person170: [221, 249]; [253, 256]; [258, 260]; [266, 282]; [288, 288]; [290, 290]; [292, 292]; [295, 297]; 
person1061: [1252, 1400]; [1402, 1418]; [1422, 1424]; 
fire_hydrant99: [110, 110]; 
umbrella1577: [1746, 1746]; 
umbrella1335: [1584, 1590]; [1593, 1594]; [1607, 1607]; 
umbrella1578: [1744, 1746]; 
car806: [881, 881]; [914, 914]; [926, 926]; [931, 933]; [936, 937]; [939, 939]; [945, 945]; [948, 951]; [957, 960]; [984, 984]; [986, 987]; [993, 993]; [995, 996]; [998, 1000]; [1003, 1003]; [1035, 1036]; [1055, 1061]; [1063, 1073]; 
person1062: [1252, 1400]; [1402, 1432]; [1434, 1447]; [1449, 1449]; [1461, 1466]; [1470, 1473]; 
car1309: [1568, 1568]; 
car1302: [1573, 1574]; 
potted_plant1159: [1365, 1365]; 
person1068: [1257, 1273]; [1275, 1277]; [1284, 1302]; [1316, 1435]; [1437, 1439]; [1441, 1461]; [1475, 1475]; [1477, 1477]; [1485, 1485]; [1487, 1491]; [1493, 1493]; [1495, 1503]; [1510, 1526]; [1528, 1542]; [1550, 1560]; [1562, 1687]; [1711, 1711]; 
car1540: [1725, 1725]; [1727, 1729]; 
car1542: [1726, 1726]; [1728, 1728]; 
umbrella1331: [1581, 1585]; 
car802: [896, 898]; [910, 913]; [925, 925]; [927, 930]; [934, 935]; [938, 938]; [940, 944]; [946, 947]; [952, 956]; [985, 985]; [988, 992]; [994, 994]; [997, 997]; [1001, 1002]; [1004, 1034]; [1037, 1064]; 
umbrella1333: [1586, 1586]; 
potted_plant1271: [1537, 1545]; [1552, 1552]; [1568, 1568]; [1576, 1576]; [1582, 1585]; [1587, 1587]; [1593, 1593]; [1615, 1615]; [1621, 1621]; [1644, 1644]; 
truck527: [600, 604]; [608, 608]; [613, 617]; [621, 623]; [625, 625]; [627, 627]; [635, 635]; [640, 641]; 
person187: [267, 267]; 
person188: [252, 293]; [295, 296]; [298, 339]; [341, 342]; [348, 351]; 
handbag1648: [1793, 1799]; 
umbrella1225: [1494, 1494]; [1517, 1517]; [1536, 1536]; [1539, 1600]; [1606, 1606]; [1611, 1612]; 
umbrella1468: [1796, 1799]; 
parking_meter1426: [1677, 1677]; 
umbrella1228: [1496, 1499]; [1501, 1501]; [1503, 1503]; [1505, 1512]; [1514, 1521]; [1523, 1527]; [1531, 1531]; [1538, 1538]; [1541, 1545]; [1548, 1562]; 
traffic_light1364: [1617, 1620]; [1630, 1632]; 
person1057: [1249, 1249]; [1260, 1263]; [1268, 1313]; [1315, 1317]; [1319, 1329]; [1332, 1338]; [1345, 1345]; 
person1179: [1423, 1423]; [1433, 1433]; 
car1535: [1740, 1749]; [1773, 1780]; [1790, 1790]; [1797, 1799]; 
person1298: [1562, 1565]; [1567, 1569]; [1571, 1571]; [1574, 1618]; [1624, 1624]; [1632, 1632]; [1635, 1682]; [1685, 1685]; [1711, 1711]; [1735, 1735]; [1757, 1773]; [1775, 1782]; [1784, 1785]; [1788, 1788]; 
car1651: [1796, 1797]; [1799, 1799]; 
car1411: [1693, 1693]; [1695, 1700]; [1702, 1702]; [1713, 1799]; 
umbrella1586: [1749, 1786]; 
person272: [343, 345]; [370, 370]; [372, 373]; [376, 378]; [392, 653]; [655, 661]; [663, 664]; [666, 667]; [669, 671]; [673, 677]; [680, 686]; 
bench213: [287, 288]; [299, 299]; 
person156: [208, 212]; [214, 214]; [222, 230]; [232, 236]; [248, 248]; 
handbag1418: [1711, 1711]; 
person399: [460, 471]; [492, 509]; [511, 519]; [525, 525]; [541, 541]; [543, 543]; [545, 548]; [552, 552]; [554, 633]; [636, 636]; 
person157: [208, 271]; [273, 277]; [279, 280]; [285, 289]; [293, 297]; [301, 302]; [304, 310]; [312, 314]; [324, 324]; [327, 328]; [330, 331]; [333, 354]; [359, 385]; [387, 393]; [395, 395]; [397, 397]; [399, 414]; [421, 427]; [429, 429]; [431, 434]; [436, 437]; [439, 569]; [572, 572]; [593, 618]; [620, 719]; [722, 723]; [741, 753]; [762, 767]; [773, 788]; [790, 791]; [793, 801]; [804, 807]; [809, 812]; [817, 817]; 
handbag731: [755, 757]; [761, 761]; 
handbag734: [758, 760]; [762, 762]; 
handbag730: [754, 762]; 
umbrella1555: [1739, 1744]; 
car1405: [1688, 1688]; [1710, 1710]; 
car1643: [1792, 1792]; [1796, 1796]; 
person1167: [1398, 1411]; [1415, 1418]; 
backpack1213: [1471, 1471]; 
handbag1541: [1725, 1727]; [1751, 1751]; 
person283: [354, 354]; 
truck624: [780, 781]; [783, 783]; [788, 791]; [804, 804]; [808, 814]; [817, 818]; 
umbrella4: [2, 156]; [159, 159]; [161, 161]; [163, 250]; [257, 285]; [287, 290]; [313, 321]; [368, 368]; 
person169: [221, 221]; [232, 240]; [242, 243]; [245, 245]; [247, 258]; [261, 261]; [263, 331]; [333, 337]; [352, 352]; [354, 476]; [493, 510]; [539, 540]; [555, 557]; [560, 686]; [708, 749]; [773, 776]; [799, 801]; [826, 841]; 
motorcycle3: [36, 39]; 
handbag601: [655, 655]; [658, 658]; [660, 660]; [685, 685]; [687, 687]; [696, 699]; 
fire_hydrant62: [58, 59]; [62, 62]; [108, 109]; [112, 118]; [128, 128]; 
motorcycle7: [17, 18]; [21, 21]; 
motorcycle5: [32, 34]; 
person160: [209, 228]; [231, 346]; [364, 366]; [372, 372]; [378, 378]; [396, 399]; [411, 413]; [416, 430]; 
car1515: [1715, 1717]; [1719, 1737]; 
umbrella1203: [1478, 1478]; 
person1031: [1222, 1222]; [1237, 1240]; [1242, 1242]; [1246, 1246]; [1248, 1254]; [1256, 1258]; [1264, 1283]; 
umbrella1204: [1458, 1458]; [1468, 1476]; [1478, 1478]; [1481, 1481]; [1518, 1520]; [1522, 1525]; [1529, 1529]; [1547, 1548]; [1553, 1553]; [1557, 1558]; [1564, 1564]; [1567, 1567]; 
car1638: [1797, 1798]; 
potted_plant1264: [1528, 1528]; [1547, 1550]; [1558, 1558]; [1560, 1567]; [1573, 1573]; 
umbrella1206: [1483, 1483]; [1488, 1492]; [1516, 1516]; [1526, 1528]; [1530, 1530]; [1536, 1536]; [1542, 1542]; 
car1511: [1714, 1714]; 
car1513: [1714, 1729]; [1732, 1732]; [1760, 1760]; [1771, 1790]; 
person1396: [1649, 1652]; [1654, 1654]; 
person1039: [1229, 1318]; 
car1510: [1713, 1799]; 
potted_plant1262: [1525, 1526]; 
handbag1431: [1669, 1684]; [1712, 1716]; [1735, 1735]; [1762, 1762]; [1764, 1766]; [1792, 1792]; [1797, 1797]; [1799, 1799]; 
backpack1283: [1570, 1570]; [1618, 1619]; [1621, 1621]; [1625, 1625]; [1673, 1676]; 
potted_plant62: [54, 54]; 
potted_plant1239: [1502, 1509]; [1514, 1527]; [1533, 1534]; 
person38: [18, 30]; [33, 33]; [35, 65]; [67, 67]; [69, 70]; [72, 73]; [77, 130]; [144, 146]; [148, 151]; 
car1188: [1442, 1562]; [1570, 1577]; [1579, 1579]; 
person30: [12, 42]; [67, 68]; [73, 74]; [78, 87]; [90, 92]; [94, 94]; [97, 114]; [116, 121]; [123, 123]; [128, 131]; [133, 133]; [136, 136]; [142, 162]; 
umbrella1097: [1289, 1289]; [1291, 1292]; [1321, 1322]; [1324, 1329]; [1335, 1347]; [1350, 1351]; [1353, 1363]; [1365, 1379]; [1381, 1381]; [1386, 1399]; [1412, 1412]; [1418, 1459]; 
person31: [12, 15]; [17, 27]; 
car1069: [1257, 1257]; 
umbrella1099: [1309, 1309]; [1313, 1313]; [1321, 1325]; [1338, 1339]; 
person924: [1055, 1069]; [1073, 1076]; [1078, 1089]; [1091, 1096]; [1114, 1116]; [1118, 1119]; [1124, 1131]; [1133, 1133]; [1135, 1141]; 
person925: [1055, 1055]; [1082, 1082]; [1085, 1086]; 
car1187: [1440, 1442]; [1445, 1446]; 
car965: [1149, 1149]; [1203, 1203]; [1205, 1205]; 
person923: [1055, 1060]; [1062, 1062]; [1064, 1064]; 
car1291: [1556, 1556]; [1559, 1559]; 
car1171: [1402, 1414]; [1418, 1420]; [1424, 1424]; [1428, 1434]; [1436, 1437]; [1439, 1442]; [1462, 1462]; [1466, 1466]; [1472, 1472]; 
car1050: [1245, 1247]; [1250, 1251]; [1279, 1282]; [1294, 1294]; [1307, 1309]; [1311, 1312]; 
car1172: [1402, 1404]; [1407, 1408]; 
bicycle1194: [1494, 1494]; 
person1098: [1290, 1292]; [1297, 1297]; [1301, 1303]; [1321, 1355]; [1357, 1402]; [1404, 1405]; [1407, 1437]; [1440, 1459]; [1468, 1468]; [1480, 1480]; [1482, 1482]; [1493, 1494]; [1503, 1507]; 
person25: [9, 10]; [24, 33]; [35, 35]; 
person1096: [1289, 1293]; [1295, 1295]; [1297, 1299]; [1313, 1313]; 
person938: [1071, 1072]; 
person817: [858, 888]; [896, 897]; 
bicycle1077: [1271, 1271]; [1273, 1274]; [1276, 1276]; [1279, 1279]; [1281, 1281]; [1284, 1284]; [1287, 1288]; [1300, 1300]; [1303, 1310]; [1314, 1314]; [1326, 1334]; [1339, 1339]; 
person810: [853, 878]; [880, 883]; 
car1299: [1614, 1615]; [1675, 1686]; 
person811: [855, 882]; 
car1174: [1403, 1403]; [1405, 1406]; 
person936: [1069, 1069]; [1073, 1078]; [1081, 1081]; [1098, 1098]; [1121, 1121]; [1123, 1123]; [1125, 1140]; [1142, 1142]; [1148, 1148]; [1150, 1153]; 
car1297: [1561, 1561]; [1563, 1563]; [1650, 1650]; [1663, 1665]; [1670, 1670]; [1676, 1676]; [1685, 1685]; 
truck812: [855, 855]; [865, 866]; [868, 868]; 
potted_plant49: [32, 618]; [642, 676]; [699, 841]; [856, 1208]; [1211, 1660]; [1680, 1707]; [1712, 1726]; 
backpack235: [310, 310]; 
fire_hydrant1194: [1447, 1449]; [1474, 1475]; [1506, 1507]; [1510, 1510]; 
car707: [739, 740]; [751, 751]; 
person17: [4, 4]; [33, 38]; [40, 42]; 
car947: [1111, 1117]; 
car705: [735, 736]; [758, 782]; [809, 809]; [839, 839]; [850, 851]; [859, 862]; [864, 868]; [887, 888]; [890, 900]; [905, 912]; 
person15: [2, 2]; [5, 5]; [7, 7]; [9, 22]; [25, 25]; [27, 29]; [55, 98]; [115, 115]; [118, 119]; [123, 123]; [125, 125]; 
car1049: [1243, 1244]; [1254, 1267]; [1269, 1282]; [1293, 1293]; [1302, 1303]; [1313, 1313]; [1315, 1330]; [1335, 1343]; [1346, 1346]; [1349, 1560]; [1562, 1562]; [1564, 1597]; [1626, 1626]; [1629, 1635]; [1637, 1638]; [1642, 1649]; [1656, 1659]; [1661, 1662]; 
person909: [1026, 1040]; [1050, 1052]; 
car941: [1085, 1085]; [1101, 1102]; [1105, 1112]; 
car940: [1082, 1083]; 
car1169: [1401, 1411]; [1433, 1440]; [1466, 1467]; [1476, 1476]; [1500, 1500]; [1507, 1507]; [1509, 1513]; [1527, 1528]; [1543, 1543]; 
car1162: [1374, 1374]; [1379, 1396]; [1399, 1420]; [1424, 1426]; 
car946: [1105, 1109]; [1129, 1129]; 
person12: [2, 9]; [11, 11]; [27, 29]; [31, 31]; [35, 35]; [38, 43]; [50, 50]; 
car1163: [1375, 1387]; [1393, 1416]; [1422, 1436]; [1441, 1448]; 
car703: [734, 749]; [759, 774]; [777, 783]; [786, 786]; 
person10: [2, 162]; 
car943: [1104, 1105]; [1113, 1116]; 
car1390: [1644, 1647]; 
car1391: [1645, 1655]; 
umbrella1095: [1287, 1290]; [1310, 1311]; [1316, 1316]; [1319, 1320]; 
person1070: [1309, 1309]; 
potted_plant1585: [1747, 1747]; [1759, 1799]; 
person1194: [1514, 1520]; [1535, 1560]; [1563, 1589]; 
car937: [1069, 1069]; [1071, 1249]; [1252, 1253]; [1264, 1271]; [1277, 1281]; 
car816: [858, 874]; 
person1074: [1265, 1267]; [1270, 1272]; [1274, 1275]; [1294, 1298]; [1324, 1328]; [1330, 1331]; [1337, 1348]; [1352, 1353]; [1355, 1360]; [1363, 1364]; [1377, 1377]; [1385, 1392]; [1394, 1395]; [1408, 1408]; [1425, 1430]; [1432, 1432]; [1434, 1434]; [1436, 1440]; [1442, 1442]; [1444, 1444]; [1446, 1525]; [1537, 1549]; [1556, 1556]; [1558, 1561]; [1568, 1639]; [1641, 1641]; [1645, 1646]; [1652, 1652]; [1663, 1664]; 
person1077: [1342, 1344]; [1346, 1346]; [1352, 1358]; [1360, 1360]; [1362, 1362]; 
person1199: [1453, 1458]; [1460, 1461]; [1463, 1475]; [1477, 1477]; [1486, 1486]; [1502, 1502]; [1518, 1643]; [1654, 1661]; 
car1157: [1362, 1364]; [1391, 1391]; 
car933: [1063, 1113]; [1126, 1127]; [1129, 1135]; [1137, 1145]; [1148, 1148]; [1221, 1222]; [1224, 1224]; 
person911: [1031, 1031]; [1039, 1039]; [1042, 1080]; [1082, 1082]; [1084, 1084]; [1087, 1094]; [1113, 1114]; [1117, 1118]; [1121, 1128]; [1146, 1146]; 
car812: [858, 860]; [864, 870]; [872, 872]; [875, 875]; [877, 878]; [888, 889]; 
car1154: [1359, 1448]; [1470, 1482]; [1487, 1504]; 
car894: [1002, 1002]; [1004, 1013]; [1031, 1034]; [1037, 1050]; [1058, 1059]; 
person71: [62, 64]; 
backpack452: [540, 540]; 
potted_plant754: [786, 819]; 
skateboard1584: [1747, 1747]; 
car1269: [1535, 1552]; 
fire_hydrant925: [1055, 1056]; 
car1025: [1216, 1229]; 
umbrella1299: [1562, 1563]; [1565, 1609]; [1617, 1622]; [1629, 1630]; [1632, 1633]; [1635, 1636]; [1652, 1666]; [1711, 1718]; [1728, 1729]; [1731, 1731]; [1733, 1739]; [1741, 1753]; [1767, 1768]; [1772, 1776]; [1778, 1793]; 
car527: [600, 601]; [615, 617]; [625, 626]; [628, 636]; [640, 663]; [665, 696]; [698, 702]; [704, 704]; 
car1142: [1335, 1360]; [1362, 1362]; [1366, 1366]; [1388, 1390]; [1393, 1393]; [1417, 1417]; 
car889: [995, 996]; [1013, 1013]; [1015, 1027]; [1029, 1029]; [1033, 1043]; [1045, 1047]; [1057, 1061]; [1063, 1065]; 
car404: [474, 476]; 
truck802: [912, 912]; [914, 914]; [926, 927]; [929, 931]; [933, 933]; [935, 935]; [940, 940]; [942, 942]; [948, 950]; [957, 957]; [959, 959]; [985, 988]; [990, 990]; [992, 997]; [999, 999]; [1002, 1003]; 
umbrella1190: [1482, 1482]; [1484, 1487]; [1494, 1494]; [1496, 1496]; 
truck806: [863, 863]; [867, 867]; [869, 869]; [871, 871]; [873, 873]; [876, 876]; [878, 879]; [885, 887]; [891, 911]; [913, 913]; [915, 925]; [928, 928]; [932, 932]; [934, 934]; [936, 939]; [941, 941]; [943, 947]; [951, 956]; [958, 958]; [960, 984]; [989, 989]; [991, 991]; [998, 998]; [1000, 1001]; [1004, 1004]; [1007, 1037]; [1040, 1040]; 
car760: [798, 815]; 
umbrella186: [251, 256]; 
suitcase1315: [1681, 1681]; 
backpack468: [597, 597]; [637, 637]; 
car1258: [1528, 1528]; 
car1017: [1211, 1211]; 
car755: [809, 809]; [811, 815]; [817, 847]; [849, 849]; [852, 875]; [878, 1068]; 
person62: [65, 111]; [121, 121]; [125, 127]; [133, 133]; [135, 135]; [138, 138]; [140, 143]; [152, 154]; [158, 159]; [163, 174]; [179, 181]; [202, 223]; [225, 226]; [229, 230]; [235, 235]; [237, 237]; [254, 297]; [300, 302]; [313, 351]; [372, 374]; [376, 376]; [385, 390]; [411, 499]; 
umbrella1188: [1578, 1578]; [1580, 1581]; 
car517: [588, 588]; 
person67: [59, 83]; 
car879: [979, 980]; 
car756: [791, 791]; [795, 797]; [799, 799]; [803, 809]; [812, 812]; [814, 815]; [819, 819]; [822, 822]; [824, 824]; [833, 835]; [838, 838]; [848, 848]; [850, 851]; [876, 877]; 
car1480: [1707, 1707]; 
umbrella190: [252, 255]; [257, 265]; [269, 271]; [275, 277]; [280, 284]; [286, 288]; [292, 294]; [297, 299]; [310, 328]; [331, 345]; [349, 355]; [381, 405]; [407, 415]; [417, 417]; 
bench22: [7, 108]; [111, 118]; [121, 125]; [128, 153]; [155, 156]; [158, 249]; 
backpack311: [382, 385]; [392, 392]; 
car7: [11, 11]; 
bench27: [11, 26]; [39, 41]; [43, 44]; [52, 53]; [58, 107]; [111, 114]; [116, 116]; [118, 124]; [130, 130]; [136, 136]; [138, 138]; [140, 146]; [148, 148]; [150, 152]; 
car4: [345, 346]; [356, 357]; 
car5: [48, 48]; 
car629: [677, 681]; 
car1364: [1632, 1632]; 
bicycle936: [1099, 1103]; 
car865: [947, 949]; 
person52: [30, 30]; 
umbrella1273: [1537, 1537]; [1539, 1539]; [1563, 1564]; [1571, 1588]; [1590, 1600]; [1603, 1634]; [1638, 1638]; [1640, 1645]; [1647, 1648]; [1650, 1650]; [1653, 1653]; [1686, 1686]; [1693, 1694]; [1696, 1702]; 
car742: [771, 779]; [781, 785]; 
car1004: [1205, 1235]; [1237, 1237]; [1240, 1242]; [1244, 1245]; [1248, 1576]; [1579, 1579]; [1598, 1606]; [1608, 1608]; [1610, 1613]; [1639, 1639]; [1645, 1649]; 
car627: [676, 676]; [679, 681]; 
car747: [777, 777]; [783, 783]; [787, 787]; 
umbrella1036: [1249, 1257]; [1259, 1259]; [1263, 1282]; [1304, 1306]; 
car504: [576, 576]; 
umbrella1279: [1566, 1570]; [1573, 1578]; [1580, 1591]; [1620, 1620]; [1623, 1628]; [1630, 1650]; [1664, 1680]; [1683, 1683]; [1711, 1718]; 
car745: [776, 779]; [781, 786]; [788, 791]; [793, 793]; [817, 817]; 
car624: [709, 734]; [737, 741]; [743, 808]; [810, 810]; [816, 816]; 
umbrella1050: [1297, 1297]; [1299, 1306]; [1308, 1308]; [1312, 1314]; 
skateboard1375: [1628, 1630]; 
fire_hydrant1039: [1319, 1322]; 
car3: [2, 14]; [40, 267]; 
car1: [6, 6]; [12, 12]; [36, 41]; [43, 49]; [51, 51]; [53, 64]; [66, 343]; [346, 352]; [354, 359]; [361, 499]; [555, 555]; [560, 562]; [564, 564]; [569, 572]; [574, 575]; [577, 578]; [583, 583]; [585, 585]; [588, 589]; [618, 618]; [622, 622]; 
car1478: [1707, 1707]; 
car1237: [1502, 1504]; 
car1474: [1706, 1707]; 
car1232: [1498, 1514]; 
car973: [1177, 1177]; [1184, 1185]; 
car852: [909, 923]; [932, 932]; [939, 950]; [952, 968]; 
car1477: [1706, 1707]; [1719, 1734]; [1737, 1737]; [1752, 1752]; [1755, 1755]; 
person40: [21, 23]; [30, 30]; [34, 34]; 
umbrella1289: [1555, 1556]; [1564, 1564]; 
car1473: [1703, 1707]; [1712, 1721]; [1723, 1730]; [1773, 1797]; 
umbrella1169: [1430, 1430]; [1556, 1556]; [1560, 1560]; 
person890: [996, 1004]; [1023, 1029]; [1031, 1031]; [1061, 1071]; [1085, 1088]; [1090, 1090]; [1104, 1111]; 
car691: [722, 730]; 
car690: [722, 723]; [725, 725]; 
car454: [541, 541]; 
person771: [816, 850]; [852, 853]; [859, 859]; [861, 881]; [888, 890]; [892, 975]; 
car574: [640, 644]; [650, 651]; 
person410: [480, 487]; [491, 491]; [504, 504]; [508, 508]; 
person409: [480, 481]; [485, 485]; 
umbrella258: [394, 394]; 
person643: [685, 690]; [694, 694]; [697, 697]; [699, 699]; [701, 705]; [709, 718]; [882, 882]; [884, 885]; [889, 889]; [898, 900]; [912, 913]; [930, 933]; 
fire_hydrant729: [941, 944]; [976, 976]; 
person525: [598, 598]; [600, 600]; [605, 606]; 
person769: [813, 814]; 
person405: [477, 478]; [485, 487]; [495, 496]; 
car208: [344, 345]; [353, 353]; [360, 360]; 
person528: [601, 602]; [619, 619]; [622, 624]; [632, 632]; [659, 659]; [661, 662]; [667, 667]; [671, 671]; [675, 675]; [677, 677]; 
person662: [696, 697]; 
car683: [714, 716]; [739, 741]; [758, 761]; [764, 764]; [780, 780]; [787, 788]; 
car441: [513, 513]; [515, 515]; [517, 517]; 
person301: [373, 378]; 
handbag468: [583, 583]; [590, 591]; [613, 620]; 
handbag100: [395, 395]; 
umbrella385: [442, 446]; 
umbrella386: [496, 496]; [508, 508]; [511, 512]; [514, 517]; 
vase9: [24, 26]; 
person654: [691, 692]; [712, 733]; 
person657: [716, 734]; [744, 749]; [751, 762]; 
person659: [740, 740]; [745, 808]; [810, 839]; [847, 849]; [852, 852]; [856, 858]; [860, 860]; [865, 865]; [870, 870]; [893, 895]; [897, 899]; [902, 902]; [910, 930]; [934, 943]; [945, 959]; [976, 976]; [978, 987]; [991, 1022]; [1024, 1054]; [1056, 1295]; [1306, 1308]; [1316, 1316]; [1318, 1325]; [1330, 1336]; [1338, 1340]; 
car438: [511, 512]; 
car679: [710, 714]; [721, 721]; [739, 739]; [765, 766]; [777, 778]; 
potted_plant254: [443, 443]; 
person92: [99, 101]; [103, 122]; [125, 125]; [127, 127]; [130, 131]; [133, 134]; [154, 154]; [168, 170]; [172, 174]; [176, 185]; [187, 204]; [206, 206]; [231, 235]; 
car793: [832, 836]; [838, 838]; 
person90: [98, 100]; [102, 103]; [106, 112]; [114, 114]; [142, 142]; [144, 144]; [146, 154]; [156, 160]; [162, 163]; [168, 173]; [188, 191]; [194, 194]; [214, 223]; 
car792: [830, 835]; [838, 838]; [854, 860]; [863, 868]; [876, 876]; [878, 878]; [885, 885]; 
umbrella273: [372, 380]; 
potted_plant139: [174, 186]; [192, 194]; [200, 209]; 
potted_plant134: [204, 205]; 
suitcase1426: [1679, 1680]; 
person866: [949, 952]; [955, 960]; [965, 1018]; [1021, 1038]; [1047, 1049]; [1051, 1097]; [1104, 1253]; 
person97: [109, 110]; [114, 116]; [118, 127]; [130, 149]; [152, 231]; [233, 249]; 
person985: [1194, 1196]; 
car785: [826, 827]; 
person744: [775, 798]; [802, 802]; [804, 804]; [806, 828]; [834, 835]; 
car664: [696, 714]; [719, 719]; [721, 723]; [726, 726]; [730, 742]; [746, 746]; [753, 753]; 
car549: [654, 661]; [663, 672]; [674, 674]; [677, 680]; [682, 684]; [686, 844]; [846, 851]; [857, 868]; [870, 870]; [874, 886]; 
person507: [579, 676]; [678, 678]; 
motorcycle11: [31, 48]; 
potted_plant141: [176, 181]; [199, 208]; 
person883: [986, 986]; [988, 992]; [994, 1066]; 
umbrella281: [354, 355]; [382, 382]; [389, 389]; [391, 394]; 
car660: [693, 701]; [720, 720]; [723, 727]; 
person520: [595, 598]; [603, 604]; [610, 610]; [613, 621]; [625, 625]; [637, 637]; [643, 655]; [658, 665]; [669, 672]; [677, 690]; [693, 693]; [695, 699]; [701, 712]; [714, 714]; [718, 718]; 
umbrella162: [215, 248]; [250, 250]; [253, 257]; [263, 268]; 
potted_plant1627: [1780, 1781]; [1785, 1786]; [1788, 1799]; 
person85: [89, 95]; 
person998: [1201, 1360]; [1362, 1363]; [1365, 1368]; [1370, 1370]; [1379, 1379]; [1381, 1381]; [1388, 1388]; [1410, 1410]; [1412, 1412]; [1423, 1443]; [1462, 1641]; [1643, 1671]; [1681, 1681]; [1688, 1689]; [1692, 1696]; [1698, 1707]; [1711, 1711]; [1713, 1715]; [1718, 1734]; [1747, 1755]; [1757, 1757]; 
bicycle849: [896, 900]; 
car411: [500, 554]; [556, 559]; [563, 563]; [565, 568]; [573, 573]; [576, 576]; [579, 582]; [584, 584]; [586, 587]; [590, 617]; [619, 621]; [623, 913]; [915, 932]; [936, 942]; [949, 949]; [952, 955]; [957, 1003]; [1012, 1023]; [1053, 1053]; [1068, 1068]; [1070, 1076]; [1095, 1095]; [1097, 1097]; [1109, 1109]; [1113, 1118]; [1128, 1128]; 
car418: [505, 506]; 
car659: [703, 709]; [723, 723]; [725, 726]; [731, 742]; [754, 755]; [757, 757]; 
car417: [497, 516]; [519, 520]; 
car779: [823, 823]; [825, 827]; 
car536: [609, 609]; [630, 631]; [645, 649]; [660, 662]; [672, 674]; 
handbag275: [346, 366]; [368, 368]; [371, 371]; [375, 375]; [378, 392]; [397, 400]; [402, 406]; 
car250: [322, 329]; 
car497: [573, 588]; 
car132: [167, 168]; [172, 172]; [183, 183]; [185, 187]; [193, 193]; [195, 198]; [201, 207]; 
person729: [753, 753]; [755, 755]; [758, 768]; [779, 779]; [781, 809]; [816, 816]; [818, 818]; [820, 847]; [850, 904]; [930, 933]; [943, 944]; [951, 952]; [954, 955]; [960, 975]; [977, 977]; [1003, 1007]; [1017, 1020]; [1024, 1024]; [1027, 1029]; [1039, 1039]; [1047, 1054]; [1056, 1214]; [1216, 1216]; [1220, 1290]; [1309, 1310]; [1312, 1315]; [1321, 1321]; [1324, 1331]; [1333, 1333]; [1341, 1342]; [1352, 1353]; [1355, 1356]; [1358, 1360]; [1364, 1364]; [1366, 1366]; [1391, 1408]; [1412, 1412]; [1419, 1420]; [1422, 1429]; [1432, 1473]; [1485, 1487]; [1491, 1491]; [1493, 1493]; [1514, 1553]; [1557, 1567]; 
motorcycle659: [692, 697]; [715, 731]; [740, 740]; 
person728: [752, 757]; [766, 766]; [781, 781]; 
person607: [660, 664]; 
umbrella577: [643, 643]; 
fire_hydrant1098: [1445, 1446]; [1471, 1474]; [1476, 1479]; [1508, 1515]; 
person1501: [1713, 1715]; [1717, 1799]; 
person964: [1138, 1150]; [1154, 1158]; [1165, 1167]; [1169, 1169]; [1172, 1176]; [1178, 1181]; [1184, 1184]; [1187, 1188]; [1193, 1195]; [1197, 1200]; [1208, 1208]; [1221, 1221]; [1223, 1235]; [1239, 1240]; [1250, 1251]; [1254, 1505]; [1513, 1562]; [1566, 1568]; [1570, 1570]; [1574, 1584]; [1588, 1590]; [1592, 1592]; 
car249: [451, 451]; 
car128: [156, 156]; [159, 161]; 
person1502: [1716, 1716]; [1718, 1722]; [1724, 1799]; 
car127: [154, 154]; [163, 165]; 
car488: [569, 571]; [573, 580]; 
person847: [895, 902]; [908, 924]; [926, 928]; [930, 934]; [942, 943]; [945, 949]; [951, 972]; [974, 979]; [988, 988]; [990, 990]; [992, 998]; [1000, 1004]; [1014, 1021]; [1024, 1031]; [1035, 1149]; [1152, 1161]; [1163, 1163]; [1165, 1175]; [1179, 1189]; [1192, 1192]; [1198, 1199]; [1205, 1206]; [1215, 1215]; 
person1506: [1713, 1724]; [1726, 1732]; [1746, 1747]; [1749, 1749]; 
person969: [1169, 1180]; [1182, 1182]; [1187, 1188]; [1191, 1198]; [1201, 1206]; [1210, 1270]; 
person966: [1148, 1374]; [1376, 1378]; 
motorcycle32: [12, 19]; 
person1608: [1767, 1770]; [1790, 1790]; [1794, 1796]; 
potted_plant241: [315, 318]; [320, 321]; 
car245: [318, 319]; [321, 328]; [334, 343]; 
handbag1090: [1311, 1313]; [1316, 1316]; [1344, 1344]; [1348, 1348]; 
umbrella580: [647, 647]; 
potted_plant486: [567, 584]; [591, 591]; 
umbrella105: [154, 156]; [172, 178]; [227, 230]; [232, 232]; [234, 238]; [241, 241]; [250, 251]; [256, 256]; [266, 268]; [278, 279]; [285, 285]; [289, 289]; [300, 301]; [303, 303]; [329, 329]; [346, 346]; 
person855: [917, 924]; [926, 928]; [930, 937]; [939, 939]; 
person613: [664, 665]; 
car478: [560, 560]; 
car235: [330, 333]; 
person858: [934, 963]; 
person1616: [1775, 1781]; [1783, 1799]; 
car1097: [1334, 1334]; [1362, 1364]; [1372, 1373]; [1375, 1376]; [1378, 1378]; [1423, 1423]; [1455, 1456]; [1458, 1458]; 
car472: [557, 561]; [564, 564]; 
car471: [555, 556]; [558, 558]; 
handbag291: [364, 364]; [366, 366]; [377, 380]; [385, 394]; [400, 400]; [405, 405]; [416, 416]; [421, 421]; 
truck11: [23, 23]; 
car111: [122, 129]; [131, 142]; 
handbag292: [364, 364]; [366, 366]; [370, 373]; 
car110: [122, 186]; [190, 190]; [193, 205]; [221, 223]; [249, 249]; [251, 276]; [278, 314]; [316, 332]; [334, 336]; [338, 343]; [345, 354]; [356, 384]; [386, 595]; [599, 599]; [602, 614]; [621, 624]; [627, 627]; [637, 639]; 
skateboard485: [566, 570]; [572, 573]; [576, 577]; 
backpack275: [369, 373]; [376, 376]; [393, 394]; [396, 396]; [399, 402]; 
umbrella355: [419, 419]; [426, 426]; [428, 433]; 
truck7: [2, 9]; [11, 11]; 
car105: [116, 123]; [147, 147]; [152, 153]; [181, 181]; [185, 192]; [194, 194]; [217, 223]; [239, 251]; [257, 257]; [267, 268]; [271, 271]; [273, 277]; [285, 285]; [289, 290]; [302, 302]; [304, 313]; [329, 329]; [331, 333]; [346, 348]; [350, 350]; 
truck5: [70, 75]; [77, 80]; 
motorcycle59: [48, 54]; 
car103: [114, 114]; [116, 116]; 
truck1: [260, 260]; [264, 264]; [266, 266]; [273, 273]; [279, 280]; [343, 343]; [345, 345]; [352, 352]; [360, 360]; [485, 486]; [503, 505]; [507, 507]; [509, 534]; [536, 550]; [552, 553]; [555, 559]; [563, 563]; [565, 565]; [567, 567]; [573, 573]; [576, 577]; [579, 582]; [584, 584]; [586, 600]; [602, 602]; [604, 617]; [619, 649]; 
car108: [118, 119]; [122, 122]; [127, 128]; [150, 200]; 
person1603: [1763, 1766]; 
person945: [1105, 1113]; 
person824: [864, 875]; 
motorcycle41: [21, 23]; [25, 27]; [30, 31]; 
person960: [1133, 1182]; [1184, 1184]; [1187, 1190]; [1194, 1197]; [1199, 1484]; [1486, 1489]; [1491, 1491]; [1502, 1502]; [1504, 1666]; [1678, 1679]; [1706, 1706]; [1712, 1715]; [1717, 1717]; [1723, 1723]; [1726, 1728]; [1741, 1741]; 
car102: [113, 120]; [127, 148]; [150, 151]; [155, 155]; [157, 157]; [161, 169]; [198, 199]; [201, 202]; [204, 249]; 
person961: [1135, 1136]; 
car101: [113, 113]; [117, 117]; 
car1190: [1472, 1473]; [1475, 1475]; [1477, 1477]; [1479, 1479]; [1498, 1499]; [1501, 1506]; [1511, 1513]; [1516, 1516]; [1545, 1545]; 
umbrella365: [425, 425]; 
umbrella484: [565, 568]; 
umbrella249: [322, 324]; [346, 346]; [352, 355]; [357, 359]; [361, 361]; [363, 387]; [389, 396]; [399, 412]; [418, 430]; 
person719: [750, 830]; [834, 835]; [838, 838]; [840, 844]; [849, 849]; [852, 853]; [856, 857]; 
bicycle643: [742, 745]; [749, 749]; [772, 772]; [778, 780]; [794, 794]; [796, 796]; [800, 805]; [814, 818]; [820, 833]; [845, 845]; [847, 870]; [872, 873]; [876, 880]; 
person832: [871, 873]; [876, 877]; [879, 879]; 
person833: [871, 891]; [899, 899]; [914, 919]; [925, 926]; [928, 934]; [940, 940]; [945, 961]; [964, 970]; [972, 998]; [1008, 1009]; [1011, 1014]; [1016, 1025]; [1031, 1055]; [1065, 1066]; [1078, 1078]; [1081, 1085]; [1087, 1087]; [1090, 1091]; [1093, 1094]; [1097, 1097]; [1099, 1100]; [1113, 1116]; [1138, 1139]; [1144, 1144]; [1146, 1147]; [1159, 1165]; [1175, 1175]; [1189, 1198]; [1201, 1207]; [1214, 1214]; [1217, 1224]; [1229, 1294]; [1297, 1311]; [1313, 1321]; [1323, 1342]; [1344, 1348]; [1351, 1376]; [1378, 1378]; [1383, 1394]; [1400, 1415]; [1417, 1445]; [1452, 1453]; [1458, 1458]; [1466, 1466]; [1495, 1505]; [1517, 1523]; [1540, 1542]; [1547, 1547]; [1549, 1567]; [1570, 1572]; [1588, 1588]; [1593, 1595]; [1597, 1669]; 
person836: [882, 885]; 
person714: [746, 746]; 
person958: [1132, 1177]; [1179, 1181]; 
fire_hydrant659: [972, 973]; [988, 988]; [1053, 1053]; 
person834: [875, 875]; 
person956: [1130, 1132]; [1137, 1137]; [1146, 1151]; [1161, 1162]; [1165, 1169]; [1171, 1174]; [1176, 1180]; [1182, 1182]; [1185, 1198]; [1201, 1213]; [1215, 1215]; [1218, 1218]; [1224, 1225]; 
