car175: [231, 235]; 
person373: [428, 429]; [431, 436]; 
person497: [590, 593]; [599, 601]; [620, 629]; [631, 632]; [634, 642]; [645, 649]; [652, 693]; [699, 699]; [701, 702]; [704, 704]; [711, 714]; [718, 759]; [767, 781]; [784, 1013]; [1021, 1021]; [1034, 1036]; [1038, 1040]; [1046, 1046]; [1049, 1050]; [1053, 1257]; [1260, 1261]; [1263, 1265]; [1267, 1267]; [1269, 1269]; [1271, 1285]; [1287, 1302]; [1306, 1306]; [1308, 1315]; [1320, 1419]; [1421, 1437]; [1439, 1445]; [1451, 1536]; [1538, 1554]; [1556, 1556]; [1558, 1565]; [1569, 1571]; [1575, 1577]; [1579, 1579]; [1581, 1610]; [1613, 1625]; [1627, 1630]; [1635, 1635]; [1637, 1637]; [1639, 1654]; [1656, 1656]; [1665, 1665]; [1672, 1672]; [1674, 1674]; 
person134: [169, 198]; [232, 232]; [235, 235]; [238, 238]; 
person496: [573, 647]; 
person254: [327, 327]; [330, 330]; [338, 343]; [345, 351]; [357, 361]; [363, 363]; [367, 367]; [369, 374]; [378, 384]; [386, 386]; [388, 396]; [398, 407]; [409, 431]; [442, 442]; [444, 457]; [460, 464]; [466, 467]; [469, 473]; [475, 478]; [487, 489]; [493, 495]; [497, 498]; [500, 506]; [510, 510]; [524, 524]; [527, 529]; [531, 532]; [535, 536]; [538, 541]; 
frisbee4: [40, 40]; 
car298: [370, 382]; [398, 400]; [408, 408]; [432, 432]; [444, 446]; 
car177: [236, 255]; 
person9: [2, 22]; [24, 24]; [27, 48]; [50, 51]; [53, 53]; [55, 64]; [87, 89]; [92, 93]; [95, 97]; [99, 99]; [104, 104]; [108, 111]; [114, 114]; [118, 118]; [122, 122]; 
car171: [223, 238]; [240, 240]; [242, 242]; [247, 247]; [261, 263]; 
person8: [2, 41]; 
person6: [2, 23]; 