car175: [231, 235];
person373: [428, 429]; [431, 436];
person497: [590, 593]; [599, 601]; [620, 629]; [631, 632]; [634, 642]; [645, 649]; [652, 693]; [699, 699]; [701, 702]; [704, 704]; [711, 714]; [718, 759]; [767, 781]; [784, 1013]; [1021, 1021]; [1034, 1036]; [1038, 1040]; [1046, 1046]; [1049, 1050]; [1053, 1257]; [1260, 1261]; [1263, 1265]; [1267, 1267]; [1269, 1269]; [1271, 1285]; [1287, 1302]; [1306, 1306]; [1308, 1315]; [1320, 1419]; [1421, 1437]; [1439, 1445]; [1451, 1536]; [1538, 1554]; [1556, 1556]; [1558, 1565]; [1569, 1571]; [1575, 1577]; [1579, 1579]; [1581, 1610]; [1613, 1625]; [1627, 1630]; [1635, 1635]; [1637, 1637]; [1639, 1654]; [1656, 1656]; [1665, 1665]; [1672, 1672]; [1674, 1674];
person134: [169, 198]; [232, 232]; [235, 235]; [238, 238];
person496: [573, 647];
person254: [327, 327]; [330, 330]; [338, 343]; [345, 351]; [357, 361]; [363, 363]; [367, 367]; [369, 374]; [378, 384]; [386, 386]; [388, 396]; [398, 407]; [409, 431]; [442, 442]; [444, 457]; [460, 464]; [466, 467]; [469, 473]; [475, 478]; [487, 489]; [493, 495]; [497, 498]; [500, 506]; [510, 510]; [524, 524]; [527, 529]; [531, 532]; [535, 536]; [538, 541];
frisbee4: [40, 40];
car298: [370, 382]; [398, 400]; [408, 408]; [432, 432]; [444, 446];
car177: [236, 255];
person9: [2, 22]; [24, 24]; [27, 48]; [50, 51]; [53, 53]; [55, 64]; [87, 89]; [92, 93]; [95, 97]; [99, 99]; [104, 104]; [108, 111]; [114, 114]; [118, 118]; [122, 122];
car171: [223, 238]; [240, 240]; [242, 242]; [247, 247]; [261, 263];
person8: [2, 41];
person6: [2, 23];
person490: [569, 670];
person5: [2, 12]; [14, 14]; [17, 17]; [19, 19]; [21, 21]; [28, 28]; [35, 41];
umbrella1655: [1799, 1799];
handbag1283: [1551, 1553]; [1555, 1556]; [1564, 1570]; [1586, 1588]; [1590, 1592]; [1616, 1616]; [1623, 1624]; [1627, 1627]; [1630, 1630]; [1632, 1652]; [1664, 1664]; [1667, 1668]; [1670, 1672]; [1675, 1684];
handbag1041: [1232, 1232]; [1234, 1236]; [1240, 1242]; [1258, 1270];
umbrella535: [609, 609]; [612, 661]; [669, 710]; [712, 715]; [717, 720]; [728, 728]; [730, 730]; [769, 791]; [793, 794]; [796, 807]; [811, 811]; [816, 817]; [821, 824]; [830, 830];
umbrella1535: [1764, 1764];
person1541: [1770, 1771];
car1622: [1792, 1792];
umbrella1417: [1662, 1663]; [1671, 1671]; [1673, 1673]; [1675, 1679]; [1682, 1686];
umbrella418: [498, 498];
car78: [69, 69]; [71, 71];
car79: [75, 86]; [91, 91]; [93, 96]; [101, 103]; [198, 199];
car1503: [1713, 1733]; [1750, 1762]; [1764, 1764]; [1771, 1778]; [1783, 1797];
bicycle319: [718, 718];
person126: [154, 154]; [156, 156]; [163, 200]; [202, 202]; [206, 206]; [214, 214];
person1423: [1665, 1666]; [1668, 1681]; [1683, 1684]; [1691, 1705]; [1709, 1733]; [1753, 1753]; [1756, 1756]; [1759, 1771]; [1776, 1799];
person1307: [1567, 1567]; [1577, 1577]; [1594, 1595]; [1597, 1597];
person1426: [1666, 1669]; [1671, 1671]; [1673, 1674]; [1678, 1678];
umbrella1410: [1657, 1657]; [1659, 1659]; [1662, 1662]; [1665, 1669]; [1671, 1672];
person1548: [1730, 1741];
person268: [344, 344]; [348, 351]; [356, 359]; [362, 362]; [365, 365]; [367, 367]; [369, 369]; [373, 373]; [376, 377]; [380, 380]; [383, 386]; [393, 397]; [399, 399]; [401, 401]; [405, 405]; [410, 420]; [422, 422]; [424, 437]; [439, 449]; [473, 473]; [475, 477]; [496, 496]; [503, 503];
handbag500: [575, 576]; [582, 582]; [592, 593];
car60: [49, 49]; [77, 77];
bicycle1622: [1779, 1779];
umbrella1302: [1572, 1573];
car62: [507, 508]; [510, 531]; [533, 578]; [595, 596]; [602, 614];
chair353: [437, 437];
car1617: [1783, 1789]; [1791, 1794]; [1796, 1796];
umbrella544: [615, 616];
handbag736: [761, 761]; [774, 774]; [782, 782]; [796, 797]; [808, 808];
car1611: [1770, 1799];
car1612: [1772, 1776]; [1799, 1799];
umbrella1429: [1668, 1668];
person379: [433, 462]; [464, 465];
bench1083: [1278, 1290]; [1292, 1292]; [1296, 1297]; [1303, 1319]; [1347, 1347]; [1350, 1351]; [1355, 1364]; [1366, 1366]; [1371, 1371]; [1377, 1377]; [1379, 1379]; [1385, 1398];
person1418: [1662, 1663]; [1670, 1670]; [1682, 1688]; [1691, 1692];
person1536: [1734, 1734]; [1742, 1754]; [1756, 1757]; [1759, 1759]; [1762, 1763]; [1765, 1799];
person1537: [1723, 1725]; [1752, 1752]; [1754, 1754]; [1760, 1760]; [1762, 1766]; [1776, 1783]; [1785, 1788];
car273: [400, 409];
car152: [205, 249];
person352: [418, 418]; [420, 420]; [422, 423]; [425, 425]; [442, 443]; [445, 445]; [447, 450];
person1519: [1716, 1717]; [1720, 1724]; [1726, 1728]; [1733, 1733]; [1750, 1755]; [1758, 1758]; [1761, 1762];
stop_sign436: [509, 510]; [512, 512];
person353: [417, 419]; [422, 422]; [427, 427]; [429, 429]; [431, 431];
person232: [309, 311]; [313, 314]; [316, 317]; [335, 398]; [400, 401]; [403, 403]; [407, 524]; [529, 529]; [532, 535]; [538, 549]; [551, 572]; [592, 592];
person477: [560, 562];
car270: [341, 342];
car390: [446, 447];
umbrella436: [511, 511]; [514, 520];
car96: [108, 108]; [118, 120];
umbrella318: [387, 388];
umbrella1638: [1785, 1785];
car1601: [1778, 1779]; [1782, 1782];
umbrella1517: [1715, 1739]; [1748, 1748]; [1750, 1763]; [1765, 1776]; [1799, 1799];
umbrella1518: [1716, 1717];
handbag528: [678, 678]; [680, 680];
person467: [552, 552]; [577, 577];
person1521: [1717, 1732]; [1742, 1743]; [1745, 1747]; [1753, 1753]; [1755, 1755]; [1757, 1758]; [1760, 1799];
person228: [301, 311];
person229: [304, 304]; [323, 323];
person1525: [1718, 1719]; [1728, 1758]; [1764, 1764]; [1770, 1770]; [1773, 1775]; [1794, 1794];
person1507: [1713, 1786];
person483: [565, 565]; [570, 578]; [583, 584]; [587, 587]; [589, 604]; [606, 606]; [612, 613]; [615, 617]; [622, 622]; [640, 641]; [649, 702]; [704, 704]; [710, 710];
person120: [142, 183]; [185, 187]; [189, 190]; [200, 229];
car386: [443, 443]; [447, 447]; [450, 463]; [466, 466]; [470, 484]; [486, 512];
person125: [153, 154]; [158, 182]; [190, 190]; [211, 212]; [214, 214];
person366: [425, 425];
umbrella441: [513, 513]; [518, 548]; [551, 559]; [561, 579]; [581, 590]; [594, 604]; [608, 612]; [614, 617]; [620, 620]; [633, 637]; [651, 651]; [653, 653];
car83: [84, 104]; [140, 140]; [146, 146]; [148, 148];
handbag1073: [1265, 1265]; [1267, 1268]; [1270, 1271];
motorcycle747: [799, 808];
car84: [86, 86]; [88, 99];
umbrella1524: [1719, 1719];
umbrella1403: [1681, 1681]; [1684, 1685]; [1687, 1692];
umbrella1405: [1655, 1664]; [1715, 1745]; [1748, 1772]; [1774, 1779]; [1781, 1782]; [1784, 1784]; [1786, 1799];
car88: [93, 105]; [110, 110]; [113, 115]; [118, 119];
handbag1070: [1259, 1259]; [1266, 1266]; [1269, 1273]; [1280, 1286];
umbrella1529: [1720, 1721]; [1751, 1758]; [1761, 1766]; [1768, 1768];
handbag1072: [1264, 1265]; [1269, 1270];
person236: [311, 314]; [316, 317];
car258: [333, 336]; [366, 366]; [392, 393];
car257: [331, 331]; [335, 335]; [338, 340]; [343, 347]; [349, 350]; [357, 359]; [376, 394]; [396, 396]; [411, 413];
skateboard618: [666, 667];
person573: [638, 647]; [670, 680];
person212: [292, 294]; [298, 298]; [320, 321]; [323, 323];
truck110: [599, 599]; [619, 620]; [624, 624]; [626, 626]; [628, 629];